Data: 
7757
7044
7551
9427
6405
7261
7041
5109
7759
7537
7214
5277
6468
7765
6700
7085
5605
5178
6298
8640
9259
9398
6431
8070
9875
9609
9036
9186
6238
5593
7795
6707
6269
9483
9771
6671
6334
6709
7368
7387
6268
6422
8847
8196
5169
9329
8180
5318
9562
9129
7579
8626
8437
8186
6294
8938
6942
5447
5332
8683
7538
6697
8055
9978
7028
6903
6859
7012
7771
6202
5996
9077
9794
5556
6081
7974
9024
8686
7222
7395
9710
5185
6170
6740
7519
9510
9237
9631
8790
6336
5833
8236
6047
5978
8701
6774
8618
6969
6563
6025
5239
6179
9359
8029
5798
7076
7781
7530
6046
7169
5473
9301
8682
6641
6746
9788
6701
6954
8027
8009
5297
5248
6102
9242
6877
8740
9363
6231
9841
9770
9387
8303
5714
7755
5540
8039
9224
8240
8072
9174
9754
5443
8516
6672
8900
9285
7890
7565
7056
5990
8008
6321
6273
8492
9995
6332
8933
8345
7582
7922
8477
6634
7655
8025
5350
6510
6557
5110
9219
5001
5034
8496
8835
8513
6676
6221
5273
7352
8144
9881
8977
6118
9438
7402
6883
5081
8348
8275
9913
7197
6642
6277
9109
7112
6678
6278
9419
6816
9166
6027
6370
8638
5958
5696
7265
5947
7274
8006
5811
5601
7336
5325
5710
6160
5816
5676
7230
5130
8095
5062
6989
6683
8217
9100
9059
8973
6041
5656
9232
5405
9547
5306
9982
5300
9030
5174
8017
7217
7326
6664
7413
7778
7282
9211
8427
5222
5462
6699
6301
7708
8051
6575
5699
8915
6071
7577
8673
9408
7505
6403
7667
9775
5693
5189
6973
5750
6253
6525
5780
5770
7351
9794
5053
5256
6824
5585
9819
5690
6975
6054
7163
8272
6375
6543
5927
6752
8307
6571
8321
9999
7193
5247
7417
8830
5109
5929
7960
8328
8483
7182
5253
9470
7097
7461
8583
6859
6718
5032
7741
5380
9955
8289
7572
5943
7121
8383
9176
6301
5634
9131
9804
5929
8844
8411
8604
7988
9677
5352
8663
6534
5190
6412
7032
8068
5065
6127
6346
8651
9984
7991
7037
6492
5092
8566
8391
5022
7916
5639
6112
9974
8096
5362
6829
9785
5958
6539
7248
8299
9637
8012
6915
9358
7507
6665
9299
5003
7727
8431
5735
8048
9179
5862
6696
5798
8821
6749
8509
9823
7833
7626
8994
9481
8886
5245
8070
6746
9306
8979
5278
6203
6293
9191
9452
7601
8104
6203
6714
9936
8898
7336
5742
9445
7945
7177
7282
8910
8108
7564
8602
9035
8835
6276
6363
5187
7773
5707
7646
7780
6927
7543
7568
7133
6472
6886
6283
8531
6447
5623
6735
9366
7312
8820
6878
5077
7164
5395
9660
8655
8805
9505
5185
9280
9363
9288
9473
9718
8387
8385
8438
6264
7926
6203
7839
6865
9166
8774
5023
5322
8161
7389
8061
8257
9152
6864
7692
9642
9121
8317
5317
7166
7880
9019
5518
9062
5416
9464
8000
5883
8348
6165
5422
7479
6420
8307
6909
5983
5170
9036
5402
5875
9315
8147
6008
5770
5659
9843
6008
5371
6226
5363
6631
8152
7643
9639
8585
Variance: 2029415.60
Deviation: 1424.58
Average: 7400.75
