Data: 
2537
237
1175
270
3048
4660
1821
552
2198
296
3187
732
4294
1018
2956
2662
4493
3089
1115
817
1597
1130
1292
2031
2623
3109
3582
4028
3818
19
4816
1643
4105
1523
3853
4853
1148
3720
2292
978
2722
1879
3060
4082
2144
2807
1338
1655
4008
3437
531
4256
277
3679
1551
3763
2157
4669
1794
2540
3496
123
4526
4959
3421
3067
1758
176
594
986
4619
1894
1192
856
941
4916
3200
491
2749
1966
955
3553
4419
2422
488
2964
1684
166
2490
4955
2615
220
3352
2817
3915
1884
549
58
4737
2925
1522
3206
3441
3078
1982
3787
4108
1943
1370
4315
67
1883
3162
3483
124
4566
4315
3393
1191
1617
1979
3102
4965
3690
2721
265
3708
4351
4991
1419
338
3093
4093
4878
3739
1892
1753
4192
4262
518
2994
4026
4543
1451
2920
2987
3138
2514
112
3935
2520
364
2268
4607
2650
4193
61
2220
271
672
328
3850
3286
250
1570
2175
1501
3591
4794
4698
3245
2798
1116
2782
3390
259
3259
3139
3089
3246
1557
4516
2645
2298
4089
2832
3684
2979
970
4277
1506
1052
461
2371
175
3824
461
1504
431
425
1218
2291
4990
645
912
4608
4610
1749
969
3568
596
3883
1854
1529
3692
5
3142
213
3577
3004
1357
886
1341
4841
1254
4034
2726
126
2410
245
870
1157
4829
2991
3357
4420
2509
950
3575
4675
1428
797
2090
2444
1524
3147
2531
4516
3196
1320
3030
512
3328
838
3061
1508
3282
4168
33
2977
3503
3199
1242
3777
978
122
4337
2597
770
1071
711
2763
2945
4988
1223
696
1193
3169
4047
3696
4849
408
1951
1670
1960
122
267
2356
3918
2845
307
2197
4768
2993
1202
2540
431
4322
4499
2217
4230
4215
945
148
3268
2791
4079
427
3969
1437
3027
4733
4765
2097
1276
418
1366
2612
2308
4093
2182
912
1717
4060
4988
920
1215
368
671
4917
1622
4734
129
37
1865
601
817
3631
3803
1388
1595
879
1085
4923
2062
4282
686
2278
2454
1434
3632
3563
3690
3029
4956
3834
2049
4170
991
3541
333
2792
1824
4312
1682
1266
843
4759
2488
601
1301
1341
1316
4959
1488
2156
1586
3281
3436
1546
1124
4536
4553
2130
2381
3432
3172
232
3545
2473
986
1127
3789
2241
3734
3665
4981
3558
4723
774
4682
4141
277
4217
1704
1385
3830
3779
3338
1613
801
1379
1868
2663
4384
1484
393
2126
1957
1381
2875
3438
2178
671
3957
730
2929
3374
4673
41
2032
3968
3820
962
1290
852
2817
1424
4256
279
2259
3879
1757
124
4560
1605
3570
2318
4248
4689
945
1613
4505
3080
888
4792
541
3180
1572
3716
1979
2210
3843
2041
2994
4202
4490
4488
4159
2722
1799
3359
94
4678
114
3089
1262
3365
2506
305
2000
1179
1231
2221
1255
3565
3909
130
3781
2192
566
1066
362
4796
3982
Variance: 2126382.32
Deviation: 1458.21
Average: 2445.34
