Variance: 2074937.31
Deviation: 1440.46
Average: 7473.07
Data: 
7913
8060
5208
6622
5837
5393
7956
9146
9164
6426
9238
5898
8892
6370
5176
7704
6502
9287
8949
7519
9907
5513
7644
7817
5273
8509
9300
6679
9573
7698
7825
7970
5262
8636
6073
8193
9773
6171
7057
9684
6014
7490
9027
8653
6625
9176
9168
9824
7713
7526
8432
9066
6824
6670
8267
8453
5357
9007
9169
8578
8998
5150
9447
5828
7823
6515
9645
5605
8622
5340
9122
7117
9782
8129
5340
7728
8255
8238
7438
6887
8955
7190
8247
9667
7800
5117
9240
9101
8055
6773
5145
7493
7800
6371
8099
9928
9551
9018
8312
5360
6649
5045
6334
8674
8054
5972
9019
6305
8269
5703
8688
5394
9409
8816
6338
5080
8591
7536
7050
9620
9495
8188
5662
5539
8791
8901
6200
5439
7985
9501
6239
5604
5575
7135
8167
8986
6000
5026
9916
7930
6511
5524
6181
8356
9754
9914
5053
7290
8444
9271
9676
6897
8439
5392
5737
5731
7561
8421
7254
7165
5432
9431
8460
6122
7895
6782
5992
6069
5352
6098
7663
5607
7238
9148
5663
5391
5603
8174
5154
7007
6176
8592
5905
6853
7575
5534
9369
6485
8785
5805
6844
5811
6285
5271
5895
5956
7528
9563
5462
8443
8265
7478
9352
5683
7983
9444
6831
7969
9029
8571
8168
5630
5876
7752
6795
7214
8035
5474
9795
7526
6127
6571
6403
9403
9419
7577
9724
8187
8001
7820
6961
5237
9620
5560
9566
9055
5741
8153
9917
9543
9391
5892
5448
8298
9900
6315
5708
7953
9161
8802
6741
9766
8745
7161
7766
7395
6114
6010
6432
7340
6332
5783
7612
8843
7468
9481
7710
8581
6253
6638
8339
7138
9613
5329
8097
6395
5080
6343
6224
6403
9681
8506
9531
9203
5383
5925
6662
7016
8975
5645
5894
5233
9755
6287
7202
8424
9455
5690
5304
6033
6446
5832
5518
8295
7225
7855
5833
6976
9576
8717
6653
9013
9943
9766
7244
8667
6403
8029
5967
6972
9073
9422
8736
9411
8830
6713
9138
9459
6779
7606
5634
9417
6676
8353
8089
5793
8064
6066
9416
7745
7541
6621
7142
7967
5190
6767
5225
9965
6277
8500
6441
7228
8244
8002
7471
6990
9924
9006
5336
6503
7094
9084
5983
6135
9086
6275
9730
9387
7182
6174
6797
8341
5067
5515
9816
7368
8433
6214
6807
6378
7034
9646
6987
6735
8562
9856
7366
7472
9973
9329
7800
9453
5797
7376
7496
7022
6694
6067
8836
9335
8353
8917
8246
6795
8755
9531
9316
8232
6972
5891
9331
9195
8470
8209
6816
6230
9626
5803
7863
5881
8737
9164
5922
6476
7444
6273
5275
8637
5812
8499
8085
5048
9313
9243
5121
7352
9183
7917
6879
7805
8481
5792
9126
5962
7183
5284
6717
9517
8998
7096
5067
9080
9873
5221
7188
8979
5751
5622
9252
7379
8716
7705
5110
8096
6496
9002
6219
5181
7323
9603
8706
6832
6555
6939
7251
8456
8557
6786
8471
6777
6396
7209
6242
5767
8690
8699
5191
5254
7977
7958
6173
6961
6166
7519
5668
7604
6850
8757
6310
6784
5088
5975
8706
5965
