Variance: 1971666.97
Deviation: 1404.16
Average: 2470.18
Data: 
2724
1210
4583
4381
4972
1415
1222
1056
755
4650
3637
1902
1839
4244
308
1244
1848
2770
1549
4154
4901
1108
4729
2885
608
1115
4118
435
4169
4146
1022
4644
1217
4115
762
2948
812
761
986
1872
3004
4580
484
1478
3349
898
1748
3091
3305
3985
2753
511
3217
3568
1929
837
4775
2277
4916
4341
3036
1390
1917
2817
3560
4782
1604
344
3556
3057
3933
2728
1240
4589
2089
2199
4246
4508
2455
255
2892
1361
4868
453
3350
2225
4348
4581
2042
4359
1530
4784
1650
2809
2986
723
3675
4429
2366
2726
3221
1864
1515
2338
4084
4881
3289
2669
3220
1323
4670
2003
3190
3353
311
2465
2390
1850
3160
887
3289
1645
1534
629
2976
414
4630
534
4467
1540
722
1257
3423
1001
2839
929
1117
1358
1233
3384
2504
733
3496
1172
1647
76
1587
267
1235
622
2811
4909
2348
4248
469
4804
4437
4685
3478
1090
761
200
1256
4268
2972
513
4215
3832
2280
3655
1895
4600
453
2729
4633
2109
3781
3672
2283
4564
478
630
4418
551
407
2248
4557
4233
3344
343
1558
4406
4049
2651
2679
695
1136
3767
3825
4507
3454
636
4472
855
2967
2364
1521
2127
1614
3556
2593
3517
2151
626
2514
2043
1673
4365
1669
2099
4685
98
3095
344
1359
1901
3454
1797
1743
2516
501
4562
733
2984
2246
2104
1034
1414
2253
3734
4198
843
4774
3042
770
4493
3371
1245
1138
1046
1276
3899
3751
396
2254
3333
812
3139
3715
1846
3791
2602
1591
2726
3671
1557
2507
2169
3196
3250
2705
4402
4364
3368
930
2908
4644
737
2050
4599
3531
2230
1641
4683
14
2035
1690
3224
178
3323
3017
1332
4395
2659
2855
3519
3534
3194
2205
198
3890
1623
1360
965
432
714
2892
1490
1934
399
1099
4143
4953
1653
969
2607
1672
4921
4034
4937
2524
1692
1898
1564
4511
2182
835
4542
2310
4329
1418
4686
2385
4760
3463
2576
2267
1073
2025
543
3177
677
765
1286
1893
368
4601
3931
1398
2511
1179
1692
1721
2130
761
3257
1525
416
1663
2498
3171
2816
967
980
3044
2029
4426
780
2267
2625
1245
1939
3185
2269
4628
941
4200
1364
3777
4027
3735
2139
785
1483
3912
1097
4903
544
1517
1049
4252
1135
3510
3657
2326
498
4169
2257
1266
904
4542
2351
4689
3648
173
659
4280
1053
2691
1396
4471
4696
2217
1165
1422
4397
1585
2949
3141
608
3540
3547
2247
537
1836
1405
2155
904
487
3689
2967
4273
3018
4937
217
1827
2306
1267
1788
4880
4055
283
2028
142
812
1628
4978
2031
3741
3130
762
1992
4209
2604
3636
294
2033
2593
3774
3473
1064
3086
1143
4713
1241
3439
9
2620
4061
1868
2857
4013
421
2351
598
2868
1279
417
2589
1791
1365
891
4094
3515
3291
2068
4880
4721
2634
4370
66
4425
3965
1269
4307
2587
