Data: 
9919
7197
8103
5128
7915
8265
5429
7720
7434
7727
6008
7044
7857
9554
5597
6932
7358
9139
5679
6593
7270
7653
6519
7876
7376
5767
5605
8164
6649
7935
6146
7801
7025
8289
6699
9097
7517
9951
8524
9494
6431
6462
8860
6203
5204
6286
6266
6137
5172
5648
7122
5820
8733
7801
7205
5248
8891
5184
6533
5478
6780
5515
7839
7897
8997
6016
9891
7166
6640
6060
9068
6039
6239
6281
9141
8383
7091
5391
6230
9180
9689
8922
9221
5629
5198
6180
8912
9617
7322
6710
5368
7193
7567
9785
5244
8242
6146
5786
5364
9295
8949
8551
6737
9700
7191
9934
9271
7763
7345
7331
6669
7590
9994
8030
9518
5676
6303
7904
8422
6618
9980
9216
7510
8055
8127
5399
8128
9527
9394
9896
6985
9972
6953
5247
6292
8522
8399
8016
7859
6444
5896
8530
9600
6612
9899
6631
7262
9277
5881
8544
9603
6938
6977
8604
9536
5703
9016
8004
9284
7072
9472
7248
9260
6054
5637
8486
9001
9176
5716
8491
6358
5537
5505
5858
8771
6503
8838
6530
6136
5601
9692
7091
5489
7397
5005
7888
7143
9306
7623
7399
6550
9613
5393
7654
8765
9496
8569
5469
8268
5886
7919
7600
6655
5725
8587
5635
9510
5993
5131
9320
9093
8534
5589
8320
5821
9177
5849
8462
7476
6975
7772
8801
8801
8930
5681
5390
7450
6377
7063
9212
8064
6420
5417
5194
6763
5480
7698
9357
7876
6685
7252
5034
6615
9029
7356
7599
9639
9836
6410
8452
6913
8920
8457
8749
6573
6396
7075
7710
8112
5480
7563
8395
6286
5133
7802
6762
8901
9200
8682
5512
8491
7470
9105
5152
6440
9582
8928
8189
5955
5051
5396
6351
5855
8079
9599
7295
5892
6848
5512
8818
9246
9824
7662
8800
9003
5938
7912
6527
5586
7196
7096
7839
7239
8598
8519
7025
7577
5245
8323
6167
6402
5201
8717
6539
8816
6472
6015
6157
5236
9770
7128
9272
5980
6258
8512
7689
9649
5219
6444
8409
8149
6377
9611
6828
7398
6184
6662
7210
7452
8823
7139
8829
8035
9208
7809
5731
5902
7878
7273
9668
5696
7864
9991
5354
9605
5191
8621
5709
5115
8745
6927
7417
8196
6470
5370
6710
7969
5374
9105
6456
9391
6982
7252
5223
6445
7101
8534
9925
9059
7746
7753
9224
9077
9267
7017
9801
7184
7834
5504
5774
8158
5105
8218
7769
5131
7806
6791
6608
8694
8383
9820
8888
8160
7354
6221
5969
5802
7161
6214
6228
9634
7226
7552
9095
7650
8337
8488
7659
8167
8531
9143
6765
5432
9186
9487
8220
6223
9323
7856
9976
5854
6703
5013
5402
7444
8692
6776
5570
5068
8950
7619
7263
8144
9258
7660
5451
6928
9714
8228
8506
6743
6691
9557
7204
5491
5225
8596
6736
7506
9335
6205
5162
9914
6716
7616
9483
6536
6644
6302
8113
5775
9498
5135
6641
8492
8838
9422
6401
8985
5102
6866
9136
8268
8783
8037
6538
Variance: 2000814.59
Deviation: 1414.50
Average: 7451.44
