Data: 
3899
4460
3971
2947
4191
761
1520
72
2369
4897
2356
3693
4506
1045
1804
426
1432
684
1857
4015
1815
966
702
2551
3437
4596
402
2007
4761
4733
3469
4164
4252
2779
4822
4232
1576
4049
4425
4432
1699
1920
796
4635
1923
3285
3984
2942
165
1323
1435
4695
3122
1897
3970
535
3292
4041
143
4629
3871
3004
1754
4857
1281
2550
713
320
337
4242
725
1535
3374
548
1315
4232
2539
2571
2739
3483
2178
3631
2327
2548
3612
1697
3654
945
538
1175
3607
1471
2775
2538
1676
1116
2501
2397
3045
2239
3083
1042
1615
4503
483
3080
1529
3486
4436
2103
4780
2559
4540
1491
459
1288
3280
4228
1570
759
275
2356
2317
3555
937
2237
576
2168
1904
4648
3007
3092
4773
673
4566
3273
1456
4707
4400
2953
3704
2661
3296
436
2179
2334
1800
1868
1143
2095
4852
945
1413
3157
428
2222
176
2337
1086
3259
4181
2514
1682
6
4001
552
4917
129
3807
3929
2561
3163
749
2710
1357
209
4348
4058
264
4385
3608
3803
1057
4426
3198
1544
3413
4008
4096
2362
3555
3582
2774
2461
3748
576
1288
3136
962
514
1821
2121
241
4665
358
3448
2610
1660
2870
2701
3619
1928
2939
1869
491
4295
572
4311
4296
293
535
3901
2944
1979
4812
1835
1429
2852
3116
1935
1328
4075
2549
1114
1235
3615
1553
1105
4223
1378
435
2497
4292
843
913
4948
3630
4420
1285
4692
468
387
2946
1450
3442
2680
2638
1859
2142
3910
2051
1328
2010
3808
3706
3582
4870
1514
2625
4306
3980
1704
833
4534
2769
2057
1189
3158
3580
2810
2702
1864
2676
3038
4605
611
1147
4605
2003
3108
4647
702
263
3789
1536
1333
380
3641
358
3948
3898
4958
4770
4781
4452
4444
2056
1994
1934
4157
4838
2393
3141
2500
2544
1022
3043
3886
2756
1872
316
2462
2388
1574
3505
482
3591
1822
3825
346
3764
1640
3745
4241
2190
1972
4638
3383
2268
2841
2306
2581
2949
1859
391
3412
4138
2588
3869
4545
3813
2342
1033
451
603
3902
749
2976
3859
3081
4252
1749
889
2130
2175
208
3730
3930
2102
3382
2384
633
352
4031
1029
573
1450
2492
1098
4192
4784
4313
1678
198
4935
44
3229
1509
1780
3895
547
2167
1967
2476
911
1822
1160
4942
1149
1842
1571
3681
2109
3643
4812
1979
3334
1520
1697
4297
3372
734
327
4107
963
808
4940
94
2959
4427
2103
2738
3243
1373
4821
3404
3278
3713
1305
3511
3898
4532
1313
2893
1299
549
42
3403
2717
439
1103
4582
3188
1219
702
4080
4340
641
4273
1754
4169
4362
2850
2809
395
1217
689
2559
2464
3544
2740
3522
4503
4390
556
4316
1893
4082
2950
4184
4827
2452
4536
1034
4425
4495
467
4208
4248
1299
3412
1834
1531
4900
3566
129
1413
4916
355
742
4757
4709
3798
2490
1604
4655
1103
2326
2313
2688
4060
76
1178
993
878
2540
2984
4064
1775
925
337
820
3326
1067
Variance: 2018840.57
Deviation: 1420.86
Average: 2541.89
