Data: 
9982
6681
8348
9548
9137
9253
5316
7813
9432
8398
7714
5457
9484
8619
9404
7091
9504
7545
9943
8510
6114
6213
5652
7422
7849
6843
8333
8570
7258
5106
7021
9383
9369
8313
6735
8623
8867
5364
7157
9759
8530
8597
9388
5696
5847
8171
9897
8768
5128
8266
6460
8602
8601
7363
6000
5281
9137
6653
6115
7899
8781
9103
6837
7128
6985
7464
8208
5622
7092
7101
8145
8271
7153
9262
7496
6999
8364
5834
8524
8658
7790
6308
7943
8920
7094
9290
6728
6661
7571
7644
9252
5017
5450
9488
5642
8761
5269
6630
7693
9288
7692
9817
9463
5741
9250
5897
9027
6667
6537
5739
5547
6943
8649
7056
8958
9933
7767
9123
7186
7389
5030
8932
5235
8124
7817
6365
9602
8150
6185
5070
5623
6063
7309
5695
6276
8429
7166
8225
5626
8642
7216
5926
7900
8137
9504
5256
5410
6738
7870
8941
5043
6847
6802
7092
5482
5477
5769
6478
7835
8147
7116
9835
7787
8388
9789
9160
6474
9554
8062
6302
5763
8199
6517
6906
7041
6769
6545
9998
9497
6526
8303
7795
8206
5402
7095
8004
7231
7290
8986
9932
9777
7103
8787
5300
6679
6343
6092
8484
7263
7393
7454
9909
6224
8064
6732
5965
8086
6022
6545
5552
9005
7212
8319
5230
9904
6311
9999
9190
5842
7516
7672
7643
6940
6502
6301
5522
7999
6751
9864
6697
6126
8144
8171
5980
7287
7665
6857
5479
9305
8043
9968
9544
7728
8077
6852
7301
5710
6719
6677
6649
9296
5240
6846
5942
6398
6088
7531
5774
6209
6684
6238
5397
5847
8719
7044
6356
6076
6642
7506
8507
6281
8954
8173
8158
6770
7288
6736
8047
7457
7336
6761
7957
8413
8929
8961
7715
9184
8189
5933
8780
7361
9308
8556
8837
6764
6959
6675
5002
5084
5803
9530
7678
5649
7025
5501
9062
9060
6517
5487
5807
5710
9668
9720
8306
9055
5595
7978
7219
6655
6718
6044
8906
9201
8917
8172
5799
5354
5982
9462
9470
5254
7884
7848
7172
5362
6230
8173
9462
9958
7157
5723
9477
7297
7873
7278
7468
9527
8016
5562
7460
6477
7049
7892
7699
5358
5583
7833
8385
5631
5773
7887
6588
9007
9315
7442
8626
7274
7001
7069
9903
6647
7603
9629
6016
8490
6220
9750
9799
7821
7175
9575
6768
6512
7113
7233
7290
6133
6774
7989
8830
5281
5817
7974
6446
9718
6931
7559
6268
8718
7520
7561
7767
6810
7915
8647
5044
7719
9176
8898
7491
9356
7013
5602
7584
8248
5778
7276
8895
7157
5459
8218
5944
5614
8570
6606
6803
6118
8687
9965
9508
9353
9725
7657
6951
9179
6508
5342
9377
7938
7197
5837
9967
5487
6558
5249
8709
6292
8665
5470
7890
7180
9464
9311
8532
8478
6735
9412
9971
8032
5218
7638
8614
8134
5374
9927
9541
6045
7071
5681
9765
9210
8303
9548
9294
7610
5734
9416
5460
9820
5304
7595
8700
5365
8442
5533
6158
9647
6592
9465
5087
6553
8087
8661
5559
8226
9869
8282
9040
6306
6671
6233
9500
8657
6819
9118
7814
8132
6428
7160
5672
Variance: 1931941.98
Deviation: 1389.94
Average: 7504.43
