Data: 
1483
3834
990
4612
4646
1002
3940
3348
4486
4794
4812
3555
4801
1005
3983
4532
3938
4640
2235
885
4579
2705
2448
4682
2719
3009
3495
2679
2259
1903
451
2960
4447
4100
3506
2462
2073
4206
152
55
2450
3487
3437
426
273
2043
1067
2304
566
4490
922
2609
842
1417
2878
1895
291
1812
1533
2148
3370
2827
4544
1849
3687
3702
3704
4901
2039
1650
1553
786
2696
2170
2730
2522
3128
2052
2349
659
3421
3240
3543
672
1575
1138
1690
2213
807
2324
128
823
3806
4452
4664
3380
2453
2484
1353
3932
2864
1414
1351
3207
672
1804
1349
335
2604
1164
13
421
2342
4963
3205
3180
2787
4941
4915
4662
3623
1554
3548
3830
138
2770
152
3266
2040
2091
2831
2038
3864
728
595
2369
657
2053
2161
4894
1172
394
158
2153
2085
4714
4635
2624
2557
1822
4854
4311
2091
69
1087
4570
4612
4804
1798
2210
2094
4161
4108
52
238
2487
1062
2352
3654
229
3590
3052
1310
3121
4050
782
1023
3158
4852
1298
1797
4650
4538
2283
1725
1436
3507
3457
337
3307
779
4290
3466
528
318
205
2387
2762
2780
1700
2507
316
3501
4533
2184
3693
1183
2874
1696
3748
1677
4811
493
1708
2862
2498
612
1626
4197
1266
725
1769
2416
268
2743
393
2663
3937
905
127
4613
4727
1225
1967
2126
3786
941
4348
4657
1329
2858
3994
1805
1000
4032
3172
4147
4936
12
1747
4052
773
1661
2501
3172
111
2205
4809
2559
4916
1164
824
1941
1492
3059
4860
888
2937
3835
1017
2655
4249
4624
981
2045
462
2856
4909
3449
959
3856
1565
2690
2791
1710
748
3597
3313
3635
459
231
2969
524
810
1197
411
299
2304
936
746
1048
2187
4467
3214
3236
1169
4873
1504
4092
899
4238
387
3869
4014
1251
3112
4261
1883
2276
4996
3779
3106
3611
2258
1219
2015
280
3438
2967
2698
3040
2478
4284
3342
4074
4700
1710
1935
3619
1709
4594
556
3415
1356
301
4657
4412
3160
2203
1301
611
3895
4440
2252
167
1217
4229
4716
227
2405
1250
2560
3344
4634
2653
647
188
2706
4151
4330
337
3833
3194
3809
729
3978
3009
4537
3514
4304
197
3560
4457
3791
3124
4054
4703
4020
253
1549
487
4104
4630
2007
133
2310
2470
3930
210
4132
260
1943
2240
1493
1627
4771
491
2135
1296
4016
3030
15
1358
930
4156
88
2695
4311
2155
3111
2575
3480
4101
2803
2881
1745
3715
505
2188
2101
831
1101
1129
3756
2767
247
3532
4142
2269
2740
1797
3962
4117
2979
1181
455
648
792
980
1126
2669
3433
720
4022
1523
3127
1710
1406
1735
1179
2348
3611
1649
2188
1777
1633
4462
1458
2079
3198
831
1264
2927
595
4421
2327
4053
3575
2269
4138
4205
2067
380
3079
1733
3873
1035
2701
4432
1468
Variance: 2035158.33
Deviation: 1426.59
Average: 2474.92
